1 2109 10 2109 107 21 Проценко Елизавета Петровна 2718 731122 +++-+-+-++-- 0(2)0(3)0(2) 7 3
2 2109 10 2109 107 21 Рязанова Евгения Сергеевна 2717 716524 +++-+++-++++ 2(2)0(3)0(2) 12 4
3 2109 10 2109 107 21 Стадницкая Диана Романовна 2718 769841 -++---+---+- 2(2)0(3)0(2) 6 3
4 2109 10 2109 107 21 Олейник Анастасия Юрьевна 2718 730626 +++-+++-++++ 1(2)0(3)0(2) 11 4
5 2109 10 2109 107 21 Петухов Никита Викторович 2718 756614 +++--++-+-+- 0(2)1(3)0(2) 8 3
6 2109 10 2109 107 21 Полторан Вероника Анатольевна 2718 738588 ++++--+-++++ 1(2)0(3)0(2) 10 3
7 2109 10 2109 107 21 Тимофеева Екатерина Михайловна 2718 738282 +++++-+-+++- 2(2)0(3)0(2) 11 4
8 2109 10 2109 107 21 Черницкий Иван Евгеньевич 2718 756718 -+-++-+-++-- 0(2)0(3)0(2) 6 3
9 2109 10 2109 107 21 Шахворостова Мария Алексеевна 2718 738542 +++---+++-++ 2(2)2(3)0(2) 12 4
10 2109 10 2109 107 21 Янчицкая Екатерина Васильевна 2719 798798 +++-+-+-++++ 0(2)0(3)0(2) 9 3
11 2109 10 2109 107 21 Ткаченко Алексей Витальевич 2717 717821 ++-++-+-+++- 0(2)0(3)0(2) 8 3
12 2109 10 2109 107 21 Филатов Игорь Николаевич 12525483 ++--+-+-++++ 1(2)0(3)0(2) 9 3
13 2109 10 2109 107 21 Черникова Елена Дмитриевна 3018 588076 +++-+++-+++- 0(2)2(3)0(2) 11 4
14 2109 10 2109 107 21 Некрылова Алина Вячеславовна 2717 708908 ++++-++++-+- 2(2)0(3)0(2) 11 4
15 2109 10 2109 107 21 Газимуллина Аделина Вельдемаровна 2718 738348 +++-+++-++++ 2(2)3(3)0(2) 15 4
16 2109 10 2109 107 21 Гордин Анна Романовна 2717 710181 ++-++-++-+++ 0(2)0(3)0(2) 9 3
17 2109 10 2109 107 21 Железнов Арсентий Геннадьевич 2718 748385 +++-+++-++++ 2(2)0(3)0(2) 12 4
18 2109 10 2109 107 21 Аветисян Элен Робертовна 2718 757076 +++-+++-++++ 2(2)3(3)0(2) 15 4
19 2109 10 2109 107 21 Агаркова Юлия Александровна 2718 759429 ++-++-++++++ 1(2)1(3)0(2) 12 4
20 2109 10 2109 107 21 Бакалов Игорь Олегович 2718 769610 -+----+-+++- 1(2)0(3)0(2) 6 3
21 2109 10 2109 107 21 Зимина Анастасия Васильевна 2717 718056 -+++--+-+++- 2(2)0(3)0(2) 9 3
22 2109 10 2109 107 21 Курьянович Александр Александрович 2718 757073 ++++-----+++ 0(2)1(3)0(2) 8 3
23 2109 10 2109 107 21 Могильченко Диана Александровна 2718 756745 +++-+-+-+-++ 0(2)0(3)0(2) 8 3
24 2109 10 2109 107 21 Мыльников Илья Алексеевич 2718 756703 ++-++-+-+++- 0(2)0(3)0(2) 8 3
25 2109 10 2109 107 21 Ковалёв Георгий Александрович 2719 785005 +++-+++-++++ 1(2)0(3)0(2) 11 4
26 2109 10 2109 107 21 Ковалева Маргарита Евгеньевна 2718 738547 +++-+++-+++- 0(2)2(3)0(2) 11 4
27 2109 10 2109 107 21 Компаниец Олег Евгеньевич 2718 738390 ++++--+-++++ 0(2)0(3)0(2) 9 3